Point(1)={194535.33518402395,-1597684.2765207512,0};
Point(2)={197588.8058033124,-1597425.895814555,0};
Point(3)={196110.75199529732,-1598502.4726251033,0};
Line(1)={1,2};
Line(2)={2,3};
Line(3)={3,1};
Curve Loop(1) ={1,2,3};
Point(4)={194966.88792365202,-1597752.591942285,0};
Point(5)={195235.00817774946,-1597712.4729537542,0};
Point(6)={195197.6024868774,-1597871.7084526352,0};
Line(4)={4,5};
Line(5)={5,6};
Line(6)={6,4};
Curve Loop(2) ={4,5,6};
Point(7)={195429.49228796532,-1597710.080049853,0};
Point(8)={195632.03719977505,-1597704.1379608791,0};
Point(9)={195658.03025619226,-1597840.732798619,0};
Point(10)={195569.2601136443,-1597871.7380747458,0};
Point(11)={195484.46984641452,-1597849.7700026035,0};
Point(12)={195411.9039462207,-1597786.2322978838,0};
Line(7)={7,8};
Line(8)={8,9};
Line(9)={9,10};
Line(10)={10,11};
Line(11)={11,12};
Line(12)={12,7};
Curve Loop(3) ={7,8,9,10,11,12};
Point(13)={195944.38878040388,-1597777.3867286607,0};
Point(14)={196914.99666897848,-1597618.2189109707,0};
Point(15)={196737.78703146457,-1597896.5158111397,0};
Point(16)={196282.86770871957,-1598187.4215931504,0};
Point(17)={195928.86174816743,-1598021.490198617,0};
Line(13)={13,14};
Line(14)={14,15};
Line(15)={15,16};
Line(16)={16,17};
Line(17)={17,13};
Curve Loop(4) ={13,14,15,16,17};
Plane Surface(1) = {1,-2,-3,-4};
